baseline,1,1764716113621,1764716118052,1764716119059,1764716135603
baseline,2,1764716136610,1764716139270,1764716140277,1764716157800
baseline,3,1764716158808,1764716161402,1764716162408,1764716179903
baseline,4,1764716180911,1764716184436,1764716185443,1764716202980
baseline,5,1764716203988,1764716207569,1764716208576,1764716225063
baseline,6,1764716226070,1764716229638,1764716230646,1764716248161
baseline,7,1764716249168,1764716251872,1764716252880,1764716270263
baseline,8,1764716271271,1764716274843,1764716275851,1764716293316
baseline,9,1764716294325,1764716296935,1764716297942,1764716315385
baseline,10,1764716316393,1764716319950,1764716320957,1764716337461
baseline,11,1764716338469,1764716342011,1764716343019,1764716360540
baseline,12,1764716361548,1764716365109,1764716366117,1764716383643
baseline,13,1764716384650,1764716388210,1764716389218,1764716405717
baseline,14,1764716406725,1764716412276,1764716413284,1764716430831
baseline,15,1764716431838,1764716435351,1764716436359,1764716453889
baseline,16,1764716454895,1764716457589,1764716458595,1764716475964
baseline,17,1764716476972,1764716481526,1764716482534,1764716500065
baseline,18,1764716501072,1764716504660,1764716505667,1764716523134
baseline,19,1764716524140,1764716526789,1764716527797,1764716545220
baseline,20,1764716546228,1764716549810,1764716550817,1764716568301
baseline,21,1764716569309,1764716572953,1764716573962,1764716591374
baseline,22,1764716592383,1764716595911,1764716596919,1764716614480
baseline,23,1764716615488,1764716619151,1764716620158,1764716637558
baseline,24,1764716638566,1764716642124,1764716643132,1764716660664
baseline,25,1764716661672,1764716665473,1764716666481,1764716691201
baseline,26,1764716692209,1764716695601,1764716696609,1764716714005
baseline,27,1764716715013,1764716718581,1764716719589,1764716737111
baseline,28,1764716738116,1764716741757,1764716742765,1764716760245
baseline,29,1764716761253,1764716791853,1764716792861,1764716809420
baseline,30,1764716810428,1764716831442,1764716832450,1764716848877
baseline,31,1764716849885,1764716853170,1764716854177,1764716871704
baseline,32,1764716872712,1764716876226,1764716877234,1764716894821
baseline,33,1764716895829,1764716898506,1764716899514,1764716916908
baseline,34,1764716917917,1764716921555,1764716922563,1764716940025
baseline,35,1764716941034,1764716943690,1764716944697,1764716962135
baseline,36,1764716963144,1764716966695,1764716967701,1764716985277
baseline,37,1764716986286,1764717016939,1764717017946,1764717034497
baseline,38,1764717035504,1764717066161,1764717067167,1764717083690
baseline,39,1764717084698,1764717115330,1764717116337,1764717132920
baseline,40,1764717133928,1764717164520,1764717165528,1764717182136
baseline,41,1764717183143,1764717213795,1764717214803,1764717231362
baseline,42,1764717232370,1764717262972,1764717263980,1764717280541
baseline,43,1764717281550,1764717312165,1764717313174,1764717329769
baseline,44,1764717330777,1764717361337,1764717362343,1764717378953
baseline,45,1764717379961,1764717410582,1764717411589,1764717428172
baseline,46,1764717429181,1764717459814,1764717460822,1764717477394
baseline,47,1764717478402,1764717509105,1764717510113,1764717526567
baseline,48,1764717527575,1764717558214,1764717559221,1764717575789
baseline,49,1764717576797,1764717607431,1764717608439,1764717624994
baseline,50,1764717626002,1764717656532,1764717657540,1764717674189
baseline,51,1764717675196,1764717705833,1764717706841,1764717723385
baseline,52,1764717724393,1764717755030,1764717756037,1764717772605
baseline,53,1764717773613,1764717804231,1764717805239,1764717821808
baseline,54,1764717822816,1764717853451,1764717854458,1764717870983
baseline,55,1764717871990,1764717902640,1764717903648,1764717920192
baseline,56,1764717921200,1764717951813,1764717952824,1764717969404
baseline,57,1764717970411,1764718000978,1764718001986,1764718018610
baseline,58,1764718019618,1764718050276,1764718051282,1764718067829
baseline,59,1764718068836,1764718099493,1764718100502,1764718117022
baseline,60,1764718118030,1764718148712,1764718149718,1764718166246
baseline,61,1764718167254,1764718197791,1764718198800,1764718215483
baseline,62,1764718216495,1764718247207,1764718248215,1764718264952
baseline,63,1764718265961,1764718296624,1764718297632,1764718314866
baseline,64,1764718315874,1764718346480,1764718347488,1764718364065
baseline,65,1764718365074,1764718395759,1764718396767,1764718413270
baseline,66,1764718414278,1764718444876,1764718445884,1764718462487
baseline,67,1764718463495,1764718494155,1764718495164,1764718511691
baseline,68,1764718512699,1764718543376,1764718544383,1764718560933
baseline,69,1764718561942,1764718592583,1764718593589,1764718610137
baseline,70,1764718611145,1764718641824,1764718642832,1764718659636
baseline,71,1764718660645,1764718691301,1764718692309,1764718709539
baseline,72,1764718710549,1764718741242,1764718742250,1764718758763
baseline,73,1764718759773,1764718790367,1764718791376,1764718807978
baseline,74,1764718808985,1764718839576,1764718840585,1764718857193
baseline,75,1764718858200,1764718888874,1764718889882,1764718906367
baseline,76,1764718907375,1764718937975,1764718938983,1764718955626
baseline,77,1764718956634,1764718987278,1764718988285,1764719004815
baseline,78,1764719005823,1764719036434,1764719037442,1764719054018
baseline,79,1764719055026,1764719085659,1764719086666,1764719103209
baseline,80,1764719104217,1764719134800,1764719135807,1764719152423
baseline,81,1764719153431,1764719184032,1764719185039,1764719201639
baseline,82,1764719202647,1764719233287,1764719234295,1764719250837
baseline,83,1764719251848,1764719282459,1764719283467,1764719300031
baseline,84,1764719301039,1764719331584,1764719332591,1764719349240
baseline,85,1764719350248,1764719380901,1764719381909,1764719398423
baseline,86,1764719399431,1764719430081,1764719431088,1764719447630
baseline,87,1764719448638,1764719479283,1764719480291,1764719496840
baseline,88,1764719497847,1764719528488,1764719529495,1764719546039
baseline,89,1764719547046,1764719577700,1764719578706,1764719595241
baseline,90,1764719596248,1764719626873,1764719627883,1764719644467
baseline,91,1764719645474,1764719676045,1764719677051,1764719693658
baseline,92,1764719694665,1764719725282,1764719726288,1764719742860
baseline,93,1764719743868,1764719774477,1764719775484,1764719792054
baseline,94,1764719793060,1764719823540,1764719824546,1764719841266
baseline,95,1764719842274,1764719872892,1764719873900,1764719890453
baseline,96,1764719891459,1764719922086,1764719923094,1764719939693
baseline,97,1764719940701,1764719971268,1764719972276,1764719988904
baseline,98,1764719989912,1764720020545,1764720021552,1764720038117
baseline,99,1764720039126,1764720069717,1764720070725,1764720087307
baseline,100,1764720088315,1764720118991,1764720119998,1764720136509
baseline,101,1764720137516,1764720168108,1764720169116,1764720185734
baseline,102,1764720186742,1764720217361,1764720218369,1764720234904
baseline,103,1764720235911,1764720266522,1764720267529,1764720284094
baseline,104,1764720285101,1764720315740,1764720316745,1764720333327
baseline,105,1764720334335,1764720365015,1764720366023,1764720382515
baseline,106,1764720383522,1764720414102,1764720415109,1764720431712
baseline,107,1764720432720,1764720463265,1764720464273,1764720480917
baseline,108,1764720481925,1764720512547,1764720513555,1764720530136
baseline,109,1764720531143,1764720561718,1764720562726,1764720579335
baseline,110,1764720580343,1764720611023,1764720612030,1764720628545
baseline,111,1764720629553,1764720660167,1764720661175,1764720677765
baseline,112,1764720678774,1764720709392,1764720710399,1764720726933
baseline,113,1764720727941,1764720758522,1764720759530,1764720776132
baseline,114,1764720777141,1764720807809,1764720808816,1764720825329
baseline,115,1764720826336,1764720856930,1764720857938,1764720874525
baseline,116,1764720875534,1764720906120,1764720907129,1764720923711
baseline,117,1764720924717,1764720955270,1764720956278,1764720972943
baseline,118,1764720973951,1764721004588,1764721005595,1764721022140
baseline,119,1764721023148,1764721053792,1764721054799,1764721071339
baseline,120,1764721072347,1764721103011,1764721104018,1764721120543
baseline,121,1764721121551,1764721152151,1764721153159,1764721169744
baseline,122,1764721170751,1764721201309,1764721202319,1764721218927
baseline,123,1764721219935,1764721250551,1764721251559,1764721268123
baseline,124,1764721269132,1764721299760,1764721300768,1764721317343
baseline,125,1764721318350,1764721348999,1764721350004,1764721366555
baseline,126,1764721367563,1764721398214,1764721399222,1764721415759
baseline,127,1764721416768,1764721447289,1764721448297,1764721464949
baseline,128,1764721465957,1764721496594,1764721497604,1764721514153
baseline,129,1764721515160,1764721545804,1764721546812,1764721563348
baseline,130,1764721564356,1764721594950,1764721595957,1764721612546
baseline,131,1764721613554,1764721644173,1764721645181,1764721661763
baseline,132,1764721662771,1764721693406,1764721694413,1764721710957
baseline,133,1764721711964,1764721742595,1764721743603,1764721760156
baseline,134,1764721761164,1764721791806,1764721792813,1764721809364
baseline,135,1764721810373,1764721840950,1764721841956,1764721858583
baseline,136,1764721859591,1764721890236,1764721891243,1764721907792
baseline,137,1764721908800,1764721939365,1764721940373,1764721956985
baseline,138,1764721957992,1764721988580,1764721989587,1764722006174
baseline,139,1764722007182,1764722037782,1764722038789,1764722055390
baseline,140,1764722056398,1764722086997,1764722088005,1764722104586
baseline,141,1764722105594,1764722136183,1764722137190,1764722153772
baseline,142,1764722154779,1764722185427,1764722186435,1764722202984
baseline,143,1764722203992,1764722234593,1764722235600,1764722252203
baseline,144,1764722253211,1764722283831,1764722284839,1764722301385
baseline,145,1764722302393,1764722333038,1764722334044,1764722350601
baseline,146,1764722351610,1764722382208,1764722383215,1764722399816
baseline,147,1764722400824,1764722431403,1764722432410,1764722448984
baseline,148,1764722449991,1764722480595,1764722481603,1764722498186
baseline,149,1764722499193,1764722529760,1764722530768,1764722547412
baseline,150,1764722548421,1764722579066,1764722580074,1764722596591
baseline,151,1764722597599,1764722628245,1764722629252,1764722645803
baseline,152,1764722646812,1764722677448,1764722678456,1764722695002
baseline,153,1764722696011,1764722726610,1764722727617,1764722744206
baseline,154,1764722745214,1764722775850,1764722776858,1764722793402
baseline,155,1764722794408,1764722824856,1764722825863,1764722842583
baseline,156,1764722843590,1764722874198,1764722875206,1764722891789
baseline,157,1764722892796,1764722923413,1764722924421,1764722941006
baseline,158,1764722942018,1764722972648,1764722973656,1764722990223
baseline,159,1764722991230,1764723021824,1764723022831,1764723039411
baseline,160,1764723040418,1764723071062,1764723072069,1764723088632
baseline,161,1764723089640,1764723120274,1764723121281,1764723137843
baseline,162,1764723138851,1764723169487,1764723170495,1764723187025
baseline,163,1764723188033,1764723218579,1764723219588,1764723236228
baseline,164,1764723237235,1764723267835,1764723268844,1764723285422
baseline,165,1764723286430,1764723317033,1764723318040,1764723334625
baseline,166,1764723335633,1764723366239,1764723367244,1764723383830
baseline,167,1764723384837,1764723415442,1764723416452,1764723433020
baseline,168,1764723434026,1764723464638,1764723465646,1764723482240
baseline,169,1764723483247,1764723513861,1764723514869,1764723531446
baseline,170,1764723532454,1764723563074,1764723564082,1764723580672
baseline,171,1764723581680,1764723612301,1764723613309,1764723629862
baseline,172,1764723630870,1764723661519,1764723662527,1764723679071
baseline,173,1764723680079,1764723710744,1764723711751,1764723728254
baseline,174,1764723729261,1764723759826,1764723760833,1764723777466
baseline,175,1764723778474,1764723809055,1764723810062,1764723826685
baseline,176,1764723827693,1764723858374,1764723859380,1764723875859
baseline,177,1764723876867,1764723907443,1764723908451,1764723925061
baseline,178,1764723926068,1764723956678,1764723957684,1764723974277
baseline,179,1764723975285,1764724005873,1764724006881,1764724023482
baseline,180,1764724024490,1764724055084,1764724056091,1764724072690
baseline,181,1764724073697,1764724104317,1764724105324,1764724121888
baseline,182,1764724122896,1764724153491,1764724154499,1764724171108
baseline,183,1764724172116,1764724202744,1764724203752,1764724220322
baseline,184,1764724221329,1764724251960,1764724252979,1764724269514
baseline,185,1764724270522,1764724301132,1764724302139,1764724318739
baseline,186,1764724319747,1764724350346,1764724351353,1764724367956
baseline,187,1764724368967,1764724399631,1764724400636,1764724417173
baseline,188,1764724418181,1764724448784,1764724449792,1764724466378
baseline,189,1764724467384,1764724497961,1764724498969,1764724515597
baseline,190,1764724516604,1764724547218,1764724548225,1764724564825
baseline,191,1764724565832,1764724596443,1764724597450,1764724614021
baseline,192,1764724615029,1764724645682,1764724646689,1764724663220
baseline,193,1764724664228,1764724694872,1764724695880,1764724712455
baseline,194,1764724713464,1764724744066,1764724745073,1764724761675
baseline,195,1764724762682,1764724793274,1764724794282,1764724810858
baseline,196,1764724811866,1764724842448,1764724843455,1764724860070
baseline,197,1764724861077,1764724891718,1764724892726,1764724909271
baseline,198,1764724910278,1764724940875,1764724941882,1764724958499
baseline,199,1764724959507,1764724990151,1764724991159,1764725007688
baseline,200,1764725008696,1764725039285,1764725040293,1764725056920
baseline,201,1764725057927,1764725088553,1764725089561,1764725106131
baseline,202,1764725107143,1764725137703,1764725138710,1764725155356
baseline,203,1764725156365,1764725187011,1764725188020,1764725204558
baseline,204,1764725205566,1764725236180,1764725237188,1764725253791
baseline,205,1764725254799,1764725285393,1764725286400,1764725302984
baseline,206,1764725303991,1764725334521,1764725335529,1764725352188
baseline,207,1764725353195,1764725383788,1764725384797,1764725401411
baseline,208,1764725402421,1764725433041,1764725434051,1764725450617
baseline,209,1764725451624,1764725482277,1764725483284,1764725499825
baseline,210,1764725500832,1764725531464,1764725532471,1764725549044
baseline,211,1764725550060,1764725580677,1764725581686,1764725598252
baseline,212,1764725599260,1764725629854,1764725630865,1764725647459
baseline,213,1764725648468,1764725679150,1764725680157,1764725696674
baseline,214,1764725697681,1764725728258,1764725729267,1764725745869
baseline,215,1764725746877,1764725777452,1764725778459,1764725795072
baseline,216,1764725796079,1764725826546,1764725827553,1764725844289
baseline,217,1764725845297,1764725875918,1764725876926,1764725893484
baseline,218,1764725894492,1764725925132,1764725926142,1764725942683
baseline,219,1764725943691,1764725974307,1764725975313,1764725991907
baseline,220,1764725992915,1764726023582,1764726024590,1764726041429
baseline,221,1764726042437,1764726073077,1764726074086,1764726090624
baseline,222,1764726091631,1764726122234,1764726123250,1764726139799
baseline,223,1764726140807,1764726171390,1764726172398,1764726189706
baseline,224,1764726190716,1764726221329,1764726222337,1764726238933
baseline,225,1764726239941,1764726270612,1764726271619,1764726288134
baseline,226,1764726289141,1764726319719,1764726320728,1764726337326
baseline,227,1764726338333,1764726368898,1764726369907,1764726386547
baseline,228,1764726387555,1764726418191,1764726419197,1764726435733
baseline,229,1764726436742,1764726467387,1764726468394,1764726484910
baseline,230,1764726485918,1764726516573,1764726517581,1764726534134
baseline,231,1764726535142,1764726565816,1764726566824,1764726583340
baseline,232,1764726584347,1764726614964,1764726615972,1764726632550
baseline,233,1764726633558,1764726664199,1764726665209,1764726681746
baseline,234,1764726682753,1764726713419,1764726714426,1764726730971
baseline,235,1764726731979,1764726762661,1764726763672,1764726780218
baseline,236,1764726781226,1764726811864,1764726812873,1764726829373
baseline,237,1764726830381,1764726860984,1764726861991,1764726878594
baseline,238,1764726879601,1764726910252,1764726911260,1764726927801
baseline,239,1764726928811,1764726959488,1764726960496,1764726977020
baseline,240,1764726978029,1764727008724,1764727009732,1764727026202
baseline,241,1764727027210,1764727057836,1764727058844,1764727075410
baseline,242,1764727076419,1764727107109,1764727108116,1764727124889
baseline,243,1764727125897,1764727156600,1764727157608,1764727174113
baseline,244,1764727175122,1764727205731,1764727206739,1764727223013
baseline,245,1764727224023,1764727254645,1764727255653,1764727272192
baseline,246,1764727273200,1764727303834,1764727304842,1764727321409
baseline,247,1764727322417,1764727353058,1764727354065,1764727370621
baseline,248,1764727371639,1764727402334,1764727403342,1764727419811
baseline,249,1764727420818,1764727451478,1764727452486,1764727469007
baseline,250,1764727470015,1764727500699,1764727501706,1764727518219
baseline,251,1764727519228,1764727549849,1764727550859,1764727567440
baseline,252,1764727568449,1764727599077,1764727600085,1764727616654
baseline,253,1764727617662,1764727648339,1764727649348,1764727665858
baseline,254,1764727666866,1764727697539,1764727698547,1764727715041
baseline,255,1764727716050,1764727746708,1764727747715,1764727764267
baseline,256,1764727765276,1764727795909,1764727796918,1764727813459
baseline,257,1764727814465,1764727845053,1764727846061,1764727862677
baseline,258,1764727863682,1764727894280,1764727895286,1764727911868
baseline,259,1764727912875,1764727943509,1764727944517,1764727961096
baseline,260,1764727962104,1764727992729,1764727993738,1764728010293
baseline,261,1764728011300,1764728041936,1764728042945,1764728059511
baseline,262,1764728060518,1764728091113,1764728092120,1764728108718
baseline,263,1764728109727,1764728140330,1764728141337,1764728157916
baseline,264,1764728158925,1764728189550,1764728190558,1764728207136
baseline,265,1764728208144,1764728238826,1764728239834,1764728256325
baseline,266,1764728257333,1764728288011,1764728289019,1764728305508
baseline,267,1764728306515,1764728337132,1764728338140,1764728354732
baseline,268,1764728355739,1764728386410,1764728387417,1764728403922
baseline,269,1764728404930,1764728435573,1764728436580,1764728453115
baseline,270,1764728454123,1764728484776,1764728485783,1764728502314
baseline,271,1764728503323,1764728533930,1764728534939,1764728551536
baseline,272,1764728552544,1764728583218,1764728584231,1764728600724
baseline,273,1764728601732,1764728632377,1764728633384,1764728649932
baseline,274,1764728650943,1764728681574,1764728682582,1764728699147
baseline,275,1764728700156,1764728730790,1764728731799,1764728748342
baseline,276,1764728749349,1764728780008,1764728781015,1764728797554
baseline,277,1764728798563,1764728829174,1764728830183,1764728846734
baseline,278,1764728847739,1764728878395,1764728879403,1764728895958
baseline,279,1764728896967,1764728927620,1764728928628,1764728945151
baseline,280,1764728946159,1764728976828,1764728977842,1764728994360
baseline,281,1764728995368,1764729026044,1764729027051,1764729043606
baseline,282,1764729044615,1764729075177,1764729076185,1764729092783
baseline,283,1764729093788,1764729124253,1764729125261,1764729141984
baseline,284,1764729142993,1764729173685,1764729174692,1764729191164
baseline,285,1764729192171,1764729222792,1764729223797,1764729240397
baseline,286,1764729241404,1764729272079,1764729273086,1764729289618
baseline,287,1764729290626,1764729321294,1764729322302,1764729338830
baseline,288,1764729339837,1764729370497,1764729371504,1764729388039
baseline,289,1764729389046,1764729419631,1764729420639,1764729437233
baseline,290,1764729438241,1764729468847,1764729469855,1764729486441
baseline,291,1764729487449,1764729518109,1764729519117,1764729535666
baseline,292,1764729536674,1764729567378,1764729568386,1764729584871
baseline,293,1764729585878,1764729616457,1764729617468,1764729634060
baseline,294,1764729635068,1764729665648,1764729666656,1764729683263
baseline,295,1764729684271,1764729714870,1764729715876,1764729732475
baseline,296,1764729733483,1764729764147,1764729765155,1764729781682
baseline,297,1764729782693,1764729813327,1764729814336,1764729830913
baseline,298,1764729831920,1764729862556,1764729863564,1764729880116
baseline,299,1764729881124,1764729911800,1764729912808,1764729929300
baseline,300,1764729930308,1764729960894,1764729961905,1764729978523
baseline,301,1764729979532,1764730010223,1764730011232,1764730027715
baseline,302,1764730028723,1764730059369,1764730060377,1764730076920
baseline,303,1764730077928,1764730108528,1764730109536,1764730126130
baseline,304,1764730127139,1764730157805,1764730158813,1764730175324
baseline,305,1764730176333,1764730206964,1764730207972,1764730224546
baseline,306,1764730225554,1764730256201,1764730257207,1764730273736
baseline,307,1764730274745,1764730305327,1764730306335,1764730322910
baseline,308,1764730323917,1764730354493,1764730355501,1764730372133
baseline,309,1764730373144,1764730403753,1764730404761,1764730421328
baseline,310,1764730422335,1764730452982,1764730453990,1764730470542
baseline,311,1764730471550,1764730502183,1764730503190,1764730519730
baseline,312,1764730520738,1764730551342,1764730552381,1764730568948
baseline,313,1764730569956,1764730600649,1764730601657,1764730618154
baseline,314,1764730619161,1764730649780,1764730650790,1764730667345
baseline,315,1764730668353,1764730698943,1764730699949,1764730716562
baseline,316,1764730717571,1764730748213,1764730749221,1764730765762
baseline,317,1764730766770,1764730797397,1764730798405,1764730814955
baseline,318,1764730815963,1764730846591,1764730847599,1764730864188
baseline,319,1764730865197,1764730895815,1764730896821,1764730913404
baseline,320,1764730914412,1764730945025,1764730946033,1764730962581
baseline,321,1764730963590,1764730994197,1764730995204,1764731011782
baseline,322,1764731012789,1764731043444,1764731044454,1764731061004
baseline,323,1764731062012,1764731092682,1764731093690,1764731110217
baseline,324,1764731111225,1764731141841,1764731142848,1764731159424
baseline,325,1764731160431,1764731191078,1764731192086,1764731208647
baseline,326,1764731209655,1764731240275,1764731241282,1764731257858
baseline,327,1764731258867,1764731289556,1764731290564,1764731307083
baseline,328,1764731308092,1764731338711,1764731339718,1764731356283
baseline,329,1764731357291,1764731387897,1764731388905,1764731405498
baseline,330,1764731406506,1764731437076,1764731438084,1764731454730
baseline,331,1764731455739,1764731486334,1764731487341,1764731503899
baseline,332,1764731504908,1764731535573,1764731536581,1764731553118
baseline,333,1764731554126,1764731584754,1764731585762,1764731602314
baseline,334,1764731603322,1764731633934,1764731634941,1764731651515
baseline,335,1764731652522,1764731683130,1764731684139,1764731700721
baseline,336,1764731701728,1764731732341,1764731733347,1764731749930
baseline,337,1764731750939,1764731781601,1764731782608,1764731799144
baseline,338,1764731800152,1764731830753,1764731831760,1764731848364
baseline,339,1764731849371,1764731879968,1764731880976,1764731897586
baseline,340,1764731898593,1764731929226,1764731930234,1764731946767
baseline,341,1764731947775,1764731978394,1764731979402,1764731995982
baseline,342,1764731996990,1764732027565,1764732028572,1764732045190
baseline,343,1764732046196,1764732076803,1764732077810,1764732094408
baseline,344,1764732095413,1764732125877,1764732126884,1764732143635
baseline,345,1764732144644,1764732175232,1764732176239,1764732192819
baseline,346,1764732193826,1764732224400,1764732225408,1764732242045
baseline,347,1764732243054,1764732273656,1764732274663,1764732291258
baseline,348,1764732292265,1764732322784,1764732323792,1764732340477
baseline,349,1764732341484,1764732372146,1764732373154,1764732389689
baseline,350,1764732390696,1764732421264,1764732422271,1764732438901
enforcer-simple,1,1764733524237,1764733529046,1764733530054,1764733546676
enforcer-simple,2,1764733547682,1764733551213,1764733552219,1764733569830
enforcer-simple,3,1764733570839,1764733576882,1764733577890,1764733595515
enforcer-simple,4,1764733596523,1764733600009,1764733601018,1764733618642
enforcer-simple,5,1764733619649,1764733623181,1764733624188,1764733641748
enforcer-simple,6,1764733642756,1764733646265,1764733647272,1764733664868
enforcer-simple,7,1764733665876,1764733669422,1764733670428,1764733687964
enforcer-simple,8,1764733688974,1764733692547,1764733693554,1764733711189
enforcer-simple,9,1764733712196,1764733715684,1764733716691,1764733734199
enforcer-simple,10,1764733735206,1764733739768,1764733740776,1764733758339
enforcer-simple,11,1764733759348,1764733762876,1764733763884,1764733781435
enforcer-simple,12,1764733782443,1764733785954,1764733786961,1764733804549
enforcer-simple,13,1764733805558,1764733809152,1764733810161,1764733827672
enforcer-simple,14,1764733828680,1764733832234,1764733833241,1764733850800
enforcer-simple,15,1764733851810,1764733855333,1764733856340,1764733873894
enforcer-simple,16,1764733874903,1764733879429,1764733880437,1764733898016
enforcer-simple,17,1764733899025,1764733902500,1764733903508,1764733921141
enforcer-simple,18,1764733922149,1764733925700,1764733926708,1764733944243
enforcer-simple,19,1764733945251,1764733948820,1764733949827,1764733967360
enforcer-simple,20,1764733968368,1764733971932,1764733972940,1764733990477
enforcer-simple,21,1764733991485,1764733995104,1764733996112,1764734013602
enforcer-simple,22,1764734014610,1764734018175,1764734019183,1764734036719
enforcer-simple,23,1764734037727,1764734041291,1764734042299,1764734059824
enforcer-simple,24,1764734060832,1764734064404,1764734065410,1764734083095
enforcer-simple,25,1764734084104,1764734087385,1764734088393,1764734106030
enforcer-simple,26,1764734107038,1764734110612,1764734111619,1764734129149
enforcer-simple,27,1764734130157,1764734133774,1764734134781,1764734152281
enforcer-simple,28,1764734153289,1764734156814,1764734157822,1764734175400
enforcer-simple,29,1764734176408,1764734179900,1764734180907,1764734198541
enforcer-simple,30,1764734199549,1764734203144,1764734204152,1764734221676
enforcer-simple,31,1764734222684,1764734226226,1764734227234,1764734244768
enforcer-simple,32,1764734245775,1764734249336,1764734250342,1764734267885
enforcer-simple,33,1764734268893,1764734272389,1764734273396,1764734291033
enforcer-simple,34,1764734292041,1764734295658,1764734296666,1764734314122
enforcer-simple,35,1764734315130,1764734318709,1764734319717,1764734337269
enforcer-simple,36,1764734338277,1764734341896,1764734342903,1764734360367
enforcer-simple,37,1764734361375,1764734364991,1764734366001,1764734383483
enforcer-simple,38,1764734384492,1764734388013,1764734389020,1764734406607
enforcer-simple,39,1764734407614,1764734413162,1764734414172,1764734431753
enforcer-simple,40,1764734432761,1764734436348,1764734437356,1764734454857
enforcer-simple,41,1764734455865,1764734459429,1764734460435,1764734478015
enforcer-simple,42,1764734479023,1764734482480,1764734483488,1764734501121
enforcer-simple,43,1764734502129,1764734505668,1764734506676,1764734524218
enforcer-simple,44,1764734525226,1764734528891,1764734529898,1764734547357
enforcer-simple,45,1764734548365,1764734551955,1764734552963,1764734570496
enforcer-simple,46,1764734571504,1764734575003,1764734576011,1764734593616
enforcer-simple,47,1764734594623,1764734598191,1764734599197,1764734616722
enforcer-simple,48,1764734617731,1764734621345,1764734622353,1764734639840
enforcer-simple,49,1764734640849,1764734644446,1764734645454,1764734662968
enforcer-simple,50,1764734663976,1764734667559,1764734668566,1764734686075
enforcer-simple,51,1764734687083,1764734690637,1764734691644,1764734709200
enforcer-simple,52,1764734710208,1764734713750,1764734714757,1764734732329
enforcer-simple,53,1764734733337,1764734736935,1764734737942,1764734755444
enforcer-simple,54,1764734756453,1764734759946,1764734760954,1764734778582
enforcer-simple,55,1764734779590,1764734783157,1764734784165,1764734801685
enforcer-simple,56,1764734802695,1764734806231,1764734807238,1764734824810
enforcer-simple,57,1764734825818,1764734829414,1764734830420,1764734847941
enforcer-simple,58,1764734848949,1764734852494,1764734853501,1764734871064
enforcer-simple,59,1764734872072,1764734875598,1764734876605,1764734894157
enforcer-simple,60,1764734895164,1764734898694,1764734899700,1764734917295
enforcer-simple,61,1764734918304,1764734921884,1764734922892,1764734940376
enforcer-simple,62,1764734941384,1764734944952,1764734945958,1764734963519
enforcer-simple,63,1764734964527,1764734968105,1764734969112,1764734986624
enforcer-simple,64,1764734987632,1764734991203,1764734992210,1764735009753
enforcer-simple,65,1764735010759,1764735014315,1764735015323,1764735032893
enforcer-simple,66,1764735033901,1764735037459,1764735038467,1764735055978
enforcer-simple,67,1764735056986,1764735060550,1764735061556,1764735079097
enforcer-simple,68,1764735080103,1764735083661,1764735084668,1764735102207
enforcer-simple,69,1764735103214,1764735106746,1764735107755,1764735125342
enforcer-simple,70,1764735126351,1764735129815,1764735130824,1764735148459
enforcer-simple,71,1764735149467,1764735153004,1764735154011,1764735171588
enforcer-simple,72,1764735172596,1764735176166,1764735177174,1764735194704
enforcer-simple,73,1764735195710,1764735199277,1764735200284,1764735217825
enforcer-simple,74,1764735218833,1764735222432,1764735223439,1764735240937
enforcer-simple,75,1764735241944,1764735245582,1764735246589,1764735264069
enforcer-simple,76,1764735265077,1764735268701,1764735269708,1764735287175
enforcer-simple,77,1764735288184,1764735291700,1764735292708,1764735310270
enforcer-simple,78,1764735311279,1764735314831,1764735315839,1764735333410
enforcer-simple,79,1764735334418,1764735337943,1764735338951,1764735356504
enforcer-simple,80,1764735357512,1764735361096,1764735362104,1764735379637
enforcer-simple,81,1764735380643,1764735384226,1764735385232,1764735402744
enforcer-simple,82,1764735403751,1764735407253,1764735408261,1764735425858
enforcer-simple,83,1764735426865,1764735430437,1764735431445,1764735448986
enforcer-simple,84,1764735449995,1764735453617,1764735454625,1764735472107
enforcer-simple,85,1764735473115,1764735476660,1764735477667,1764735495231
enforcer-simple,86,1764735496239,1764735499833,1764735500840,1764735518365
enforcer-simple,87,1764735519373,1764735522953,1764735523960,1764735541491
enforcer-simple,88,1764735542500,1764735546066,1764735547074,1764735564613
enforcer-simple,89,1764735565621,1764735569248,1764735570254,1764735587722
enforcer-simple,90,1764735588730,1764735592305,1764735593313,1764735610840
enforcer-simple,91,1764735611848,1764735615388,1764735616394,1764735633942
enforcer-simple,92,1764735634950,1764735638506,1764735639514,1764735657074
enforcer-simple,93,1764735658082,1764735661588,1764735662597,1764735680189
enforcer-simple,94,1764735681197,1764735684732,1764735685738,1764735703306
enforcer-simple,95,1764735704312,1764735707926,1764735708934,1764735726432
enforcer-simple,96,1764735727440,1764735731996,1764735733003,1764735750534
enforcer-simple,97,1764735751541,1764735755163,1764735756171,1764735773695
enforcer-simple,98,1764735774703,1764735778342,1764735779349,1764735796833
enforcer-simple,99,1764735797841,1764735801372,1764735802377,1764735819956
enforcer-simple,100,1764735820965,1764735824555,1764735825563,1764735843069
enforcer-simple,101,1764735844076,1764735847683,1764735848691,1764735866181
enforcer-simple,102,1764735867188,1764735870779,1764735871785,1764735889345
enforcer-simple,103,1764735890353,1764735893906,1764735894913,1764735912440
enforcer-simple,104,1764735913448,1764735916936,1764735917945,1764735935566
enforcer-simple,105,1764735936574,1764735940081,1764735941088,1764735958671
enforcer-simple,106,1764735959681,1764735963264,1764735964272,1764735981752
enforcer-simple,107,1764735982759,1764735986335,1764735987342,1764736004896
enforcer-simple,108,1764736005904,1764736009455,1764736010463,1764736028016
enforcer-simple,109,1764736029025,1764736032572,1764736033579,1764736051128
enforcer-simple,110,1764736052135,1764736055781,1764736056789,1764736074254
enforcer-simple,111,1764736075261,1764736078848,1764736079855,1764736097382
enforcer-simple,112,1764736098390,1764736101970,1764736102977,1764736120496
enforcer-simple,113,1764736121504,1764736125109,1764736126117,1764736143629
enforcer-simple,114,1764736144637,1764736148259,1764736149266,1764736166740
enforcer-simple,115,1764736167746,1764736171328,1764736172335,1764736189853
enforcer-simple,116,1764736190861,1764736194431,1764736195438,1764736212969
enforcer-simple,117,1764736213977,1764736217521,1764736218530,1764736236067
enforcer-simple,118,1764736237074,1764736240617,1764736241624,1764736259205
enforcer-simple,119,1764736260212,1764736263801,1764736264809,1764736282261
enforcer-simple,120,1764736283271,1764736286892,1764736287899,1764736305446
enforcer-simple,121,1764736306453,1764736310013,1764736311021,1764736328548
enforcer-simple,122,1764736329556,1764736333214,1764736334221,1764736351665
enforcer-simple,123,1764736352671,1764736356234,1764736357240,1764736374792
enforcer-simple,124,1764736375800,1764736379403,1764736380411,1764736397916
enforcer-simple,125,1764736398923,1764736402548,1764736403555,1764736421032
enforcer-simple,126,1764736422040,1764736425604,1764736426611,1764736444160
enforcer-simple,127,1764736445168,1764736448808,1764736449815,1764736467258
enforcer-simple,128,1764736468266,1764736471867,1764736472875,1764736490394
enforcer-simple,129,1764736491401,1764736494975,1764736495982,1764736513480
enforcer-simple,130,1764736514487,1764736518041,1764736519049,1764736536612
enforcer-simple,131,1764736537620,1764736541137,1764736542144,1764736559717
enforcer-simple,132,1764736560725,1764736564367,1764736565375,1764736582811
enforcer-simple,133,1764736583819,1764736587467,1764736588474,1764736605950
enforcer-simple,134,1764736606958,1764736610518,1764736611525,1764736629090
enforcer-simple,135,1764736630098,1764736633605,1764736634613,1764736652204
enforcer-simple,136,1764736653212,1764736656743,1764736657751,1764736675310
enforcer-simple,137,1764736676318,1764736679872,1764736680880,1764736698414
enforcer-simple,138,1764736699422,1764736703072,1764736704080,1764736721553
enforcer-simple,139,1764736722559,1764736726153,1764736727161,1764736744686
enforcer-simple,140,1764736745693,1764736749271,1764736750279,1764736767839
enforcer-simple,141,1764736768847,1764736772391,1764736773400,1764736790914
enforcer-simple,142,1764736791922,1764736795495,1764736796503,1764736814032
enforcer-simple,143,1764736815041,1764736818608,1764736819616,1764736837152
enforcer-simple,144,1764736838161,1764736841673,1764736842681,1764736860265
enforcer-simple,145,1764736861273,1764736864858,1764736865865,1764736883392
enforcer-simple,146,1764736884400,1764736887963,1764736888970,1764736906498
enforcer-simple,147,1764736907506,1764736911045,1764736912053,1764736929638
enforcer-simple,148,1764736930646,1764736934253,1764736935260,1764736952754
enforcer-simple,149,1764736953762,1764736957343,1764736958350,1764736975861
enforcer-simple,150,1764736976869,1764736980406,1764736981417,1764736998996
enforcer-simple,151,1764737000004,1764737003609,1764737004616,1764737022098
enforcer-simple,152,1764737023105,1764737026678,1764737027685,1764737045234
enforcer-simple,153,1764737046243,1764737049800,1764737050807,1764737068370
enforcer-simple,154,1764737069378,1764737072959,1764737073967,1764737091476
enforcer-simple,155,1764737092484,1764737095936,1764737096944,1764737114609
enforcer-simple,156,1764737115618,1764737119057,1764737120065,1764737137699
enforcer-simple,157,1764737138707,1764737142269,1764737143276,1764737160833
enforcer-simple,158,1764737161842,1764737165397,1764737166405,1764737183945
enforcer-simple,159,1764737184953,1764737188522,1764737189530,1764737207048
enforcer-simple,160,1764737208057,1764737211604,1764737212611,1764737230154
enforcer-simple,161,1764737231163,1764737234697,1764737235706,1764737253288
enforcer-simple,162,1764737254297,1764737258820,1764737259827,1764737277423
enforcer-simple,163,1764737278431,1764737282035,1764737283042,1764737300539
enforcer-simple,164,1764737301548,1764737305206,1764737306214,1764737323664
enforcer-simple,165,1764737324672,1764737328251,1764737329258,1764737346800
enforcer-simple,166,1764737347808,1764737351375,1764737352381,1764737369889
enforcer-simple,167,1764737370897,1764737374485,1764737375492,1764737392999
enforcer-simple,168,1764737394006,1764737397580,1764737398587,1764737416131
enforcer-simple,169,1764737417138,1764737420651,1764737421658,1764737439247
enforcer-simple,170,1764737440255,1764737443792,1764737444800,1764737462388
enforcer-simple,171,1764737463395,1764737466960,1764737467967,1764737485509
enforcer-simple,172,1764737486517,1764737490032,1764737491039,1764737508605
enforcer-simple,173,1764737509611,1764737513145,1764737514153,1764737531703
enforcer-simple,174,1764737532710,1764737536305,1764737537313,1764737554864
enforcer-simple,175,1764737555871,1764737559462,1764737560470,1764737577962
enforcer-simple,176,1764737578970,1764737582475,1764737583482,1764737601136
enforcer-simple,177,1764737602144,1764737605709,1764737606717,1764737624227
enforcer-simple,178,1764737625232,1764737628899,1764737629907,1764737647378
enforcer-simple,179,1764737648385,1764737651980,1764737652987,1764737670483
enforcer-simple,180,1764737671491,1764737675108,1764737676115,1764737693586
enforcer-simple,181,1764737694594,1764737698112,1764737699120,1764737716710
enforcer-simple,182,1764737717719,1764737721319,1764737722326,1764737739827
enforcer-simple,183,1764737740834,1764737744431,1764737745436,1764737762950
enforcer-simple,184,1764737763957,1764737767672,1764737768679,1764737786064
enforcer-simple,185,1764737787072,1764737790625,1764737791633,1764737809188
enforcer-simple,186,1764737810195,1764737813671,1764737814678,1764737832295
enforcer-simple,187,1764737833303,1764737836892,1764737837899,1764737855430
enforcer-simple,188,1764737856439,1764737859980,1764737860988,1764737878528
enforcer-simple,189,1764737879535,1764737883079,1764737884087,1764737901659
enforcer-simple,190,1764737902667,1764737907314,1764737908321,1764737925789
enforcer-simple,191,1764737926797,1764737930366,1764737931372,1764737948927
enforcer-simple,192,1764737949934,1764737953528,1764737954538,1764737972058
enforcer-simple,193,1764737973067,1764737976715,1764737977722,1764737995145
enforcer-simple,194,1764737996151,1764737999695,1764738000702,1764738018257
enforcer-simple,195,1764738019265,1764738023789,1764738024800,1764738042381
enforcer-simple,196,1764738043389,1764738046989,1764738047997,1764738065524
enforcer-simple,197,1764738066531,1764738070092,1764738071099,1764738088648
enforcer-simple,198,1764738089655,1764738093192,1764738094197,1764738111781
enforcer-simple,199,1764738112790,1764738116355,1764738117363,1764738134875
enforcer-simple,200,1764738135883,1764738139458,1764738140466,1764738157981
enforcer-simple,201,1764738158989,1764738162560,1764738163568,1764738181115
enforcer-simple,202,1764738182122,1764738185694,1764738186702,1764738204226
enforcer-simple,203,1764738205234,1764738208809,1764738209816,1764738227343
enforcer-simple,204,1764738228350,1764738231978,1764738232985,1764738250466
enforcer-simple,205,1764738251474,1764738255083,1764738256090,1764738273611
enforcer-simple,206,1764738274619,1764738278194,1764738279202,1764738296683
enforcer-simple,207,1764738297691,1764738301268,1764738302275,1764738319823
enforcer-simple,208,1764738320831,1764738324413,1764738325421,1764738342941
enforcer-simple,209,1764738343949,1764738347507,1764738348514,1764738366032
enforcer-simple,210,1764738367039,1764738370601,1764738371607,1764738389138
enforcer-simple,211,1764738390145,1764738393751,1764738394756,1764738412293
enforcer-simple,212,1764738413303,1764738416825,1764738417833,1764738435387
enforcer-simple,213,1764738436395,1764738439896,1764738440902,1764738458486
enforcer-simple,214,1764738459494,1764738463125,1764738464133,1764738481615
enforcer-simple,215,1764738482623,1764738486168,1764738487176,1764738504722
enforcer-simple,216,1764738505731,1764738509380,1764738510387,1764738527858
enforcer-simple,217,1764738528866,1764738532460,1764738533466,1764738550957
enforcer-simple,218,1764738551963,1764738555502,1764738556509,1764738574085
enforcer-simple,219,1764738575093,1764738578706,1764738579713,1764738597193
enforcer-simple,220,1764738598201,1764738601737,1764738602744,1764738620304
enforcer-simple,221,1764738621311,1764738624823,1764738625832,1764738643423
enforcer-simple,222,1764738644430,1764738647972,1764738648980,1764738666541
enforcer-simple,223,1764738667549,1764738671129,1764738672135,1764738689653
enforcer-simple,224,1764738690661,1764738694238,1764738695243,1764738712776
enforcer-simple,225,1764738713783,1764738717447,1764738718454,1764738735883
enforcer-simple,226,1764738736891,1764738740426,1764738741432,1764738758998
enforcer-simple,227,1764738760004,1764738763625,1764738764633,1764738782119
enforcer-simple,228,1764738783127,1764738786764,1764738787772,1764738805268
enforcer-simple,229,1764738806277,1764738809853,1764738810861,1764738828390
enforcer-simple,230,1764738829398,1764738832967,1764738833974,1764738851508
enforcer-simple,231,1764738852514,1764738856065,1764738857072,1764738874641
enforcer-simple,232,1764738875648,1764738879260,1764738880268,1764738897724
enforcer-simple,233,1764738898733,1764738902267,1764738903274,1764738920837
enforcer-simple,234,1764738921844,1764738925367,1764738926373,1764738943947
enforcer-simple,235,1764738944955,1764738948507,1764738949514,1764738967089
enforcer-simple,236,1764738968097,1764738971587,1764738972594,1764738990181
enforcer-simple,237,1764738991188,1764738994727,1764738995731,1764739013311
enforcer-simple,238,1764739014320,1764739017865,1764739018873,1764739036401
enforcer-simple,239,1764739037408,1764739040926,1764739041933,1764739059539
enforcer-simple,240,1764739060546,1764739064152,1764739065160,1764739082669
enforcer-simple,241,1764739083677,1764739087289,1764739088296,1764739105768
enforcer-simple,242,1764739106776,1764739110376,1764739111384,1764739128913
enforcer-simple,243,1764739129921,1764739133496,1764739134504,1764739152005
enforcer-simple,244,1764739153013,1764739156600,1764739157607,1764739175146
enforcer-simple,245,1764739176153,1764739179811,1764739180820,1764739198256
enforcer-simple,246,1764739199264,1764739203827,1764739204836,1764739222373
enforcer-simple,247,1764739223382,1764739226866,1764739227873,1764739245496
enforcer-simple,248,1764739246505,1764739250044,1764739251052,1764739268600
enforcer-simple,249,1764739269608,1764739273228,1764739274235,1764739291706
enforcer-simple,250,1764739292713,1764739296257,1764739297265,1764739314849
enforcer-simple,251,1764739315857,1764739319393,1764739320399,1764739337941
enforcer-simple,252,1764739338949,1764739342521,1764739343527,1764739361057
enforcer-simple,253,1764739362065,1764739365655,1764739366663,1764739384181
enforcer-simple,254,1764739385189,1764739388801,1764739389808,1764739407300
enforcer-simple,255,1764739408308,1764739411852,1764739412858,1764739430408
enforcer-simple,256,1764739431415,1764739435051,1764739436059,1764739453527
enforcer-simple,257,1764739454535,1764739458093,1764739459101,1764739476624
enforcer-simple,258,1764739477632,1764739481258,1764739482266,1764739499755
enforcer-simple,259,1764739500762,1764739504304,1764739505312,1764739522856
enforcer-simple,260,1764739523863,1764739527339,1764739528347,1764739545955
enforcer-simple,261,1764739546964,1764739550505,1764739551512,1764739569078
enforcer-simple,262,1764739570087,1764739573554,1764739574561,1764739592181
enforcer-simple,263,1764739593186,1764739596733,1764739597741,1764739615347
enforcer-simple,264,1764739616355,1764739619937,1764739620944,1764739638457
enforcer-simple,265,1764739639465,1764739643002,1764739644009,1764739661577
enforcer-simple,266,1764739662585,1764739666168,1764739667176,1764739684657
enforcer-simple,267,1764739685665,1764739689222,1764739690229,1764739707797
enforcer-simple,268,1764739708806,1764739712398,1764739713404,1764739730927
enforcer-simple,269,1764739731935,1764739735554,1764739736562,1764739754040
enforcer-simple,270,1764739755048,1764739758591,1764739759599,1764739777125
enforcer-simple,271,1764739778132,1764739782726,1764739783733,1764739800248
enforcer-simple,272,1764739801256,1764739804782,1764739805789,1764739823352
enforcer-simple,273,1764739824360,1764739827931,1764739828940,1764739846482
enforcer-simple,274,1764739847491,1764739851115,1764739852123,1764739869602
enforcer-simple,275,1764739870611,1764739874158,1764739875166,1764739892713
enforcer-simple,276,1764739893718,1764739897231,1764739898238,1764739915859
enforcer-simple,277,1764739916867,1764739920406,1764739921414,1764739938981
enforcer-simple,278,1764739939990,1764739943523,1764739944530,1764739962053
enforcer-simple,279,1764739963060,1764739966617,1764739967626,1764739985165
enforcer-simple,280,1764739986173,1764739989752,1764739990760,1764740008326
enforcer-simple,281,1764740009334,1764740012947,1764740013955,1764740031427
enforcer-simple,282,1764740032436,1764740036102,1764740037109,1764740054558
enforcer-simple,283,1764740055566,1764740059120,1764740060128,1764740077689
enforcer-simple,284,1764740078697,1764740082325,1764740083333,1764740100810
enforcer-simple,285,1764740101818,1764740105311,1764740106319,1764740123901
enforcer-simple,286,1764740124909,1764740128420,1764740129427,1764740147017
enforcer-simple,287,1764740148025,1764740151598,1764740152606,1764740170149
enforcer-simple,288,1764740171157,1764740174740,1764740175748,1764740193254
enforcer-simple,289,1764740194259,1764740197804,1764740198812,1764740216378
enforcer-simple,290,1764740217385,1764740220899,1764740221907,1764740239496
enforcer-simple,291,1764740240504,1764740244058,1764740245065,1764740262577
enforcer-simple,292,1764740263583,1764740267182,1764740268189,1764740285730
enforcer-simple,293,1764740286738,1764740290295,1764740291304,1764740308823
enforcer-simple,294,1764740309832,1764740313410,1764740314418,1764740331947
enforcer-simple,295,1764740332954,1764740336474,1764740337481,1764740355086
enforcer-simple,296,1764740356094,1764740359660,1764740360667,1764740378185
enforcer-simple,297,1764740379193,1764740382782,1764740383789,1764740401275
enforcer-simple,298,1764740402284,1764740405890,1764740406898,1764740424392
enforcer-simple,299,1764740425400,1764740428995,1764740430005,1764740447521
enforcer-simple,300,1764740448528,1764740452137,1764740453145,1764740470676
enforcer-simple,301,1764740471684,1764740475254,1764740476261,1764740493779
enforcer-simple,302,1764740494783,1764740498416,1764740499424,1764740516927
enforcer-simple,303,1764740517935,1764740521522,1764740522529,1764740540027
enforcer-simple,304,1764740541035,1764740544578,1764740545586,1764740563158
enforcer-simple,305,1764740564166,1764740567650,1764740568657,1764740586207
enforcer-simple,306,1764740587213,1764740590818,1764740591825,1764740609343
enforcer-simple,307,1764740610351,1764740613847,1764740614854,1764740632465
enforcer-simple,308,1764740633473,1764740637076,1764740638084,1764740655604
enforcer-simple,309,1764740656612,1764740660169,1764740661176,1764740678725
enforcer-simple,310,1764740679732,1764740683802,1764740684810,1764740701828
enforcer-simple,311,1764740702837,1764740706382,1764740707390,1764740724930
enforcer-simple,312,1764740725937,1764740729470,1764740730477,1764740748027
enforcer-simple,313,1764740749034,1764740752597,1764740753603,1764740771154
enforcer-simple,314,1764740772162,1764740775744,1764740776752,1764740794265
enforcer-simple,315,1764740795269,1764740798867,1764740799875,1764740817406
enforcer-simple,316,1764740818413,1764740821990,1764740822997,1764740840534
enforcer-simple,317,1764740841542,1764740845134,1764740846142,1764740863636
enforcer-simple,318,1764740864644,1764740868153,1764740869159,1764740886766
enforcer-simple,319,1764740887775,1764740891305,1764740892312,1764740909863
enforcer-simple,320,1764740910871,1764740914503,1764740915510,1764740933000
enforcer-simple,321,1764740934008,1764740937632,1764740938637,1764740956094
enforcer-simple,322,1764740957102,1764740960667,1764740961674,1764740979222
enforcer-simple,323,1764740980230,1764740983847,1764740984855,1764741002317
enforcer-simple,324,1764741003325,1764741006885,1764741007893,1764741025435
enforcer-simple,325,1764741026442,1764741029945,1764741030951,1764741048557
enforcer-simple,326,1764741049563,1764741053111,1764741054118,1764741071683
enforcer-simple,327,1764741072691,1764741076213,1764741077220,1764741094792
enforcer-simple,328,1764741095799,1764741099398,1764741100405,1764741117888
enforcer-simple,329,1764741118896,1764741122395,1764741123402,1764741141034
enforcer-simple,330,1764741142042,1764741145625,1764741146632,1764741164147
enforcer-simple,331,1764741165156,1764741168748,1764741169756,1764741187270
enforcer-simple,332,1764741188278,1764741191877,1764741192884,1764741210385
enforcer-simple,333,1764741211392,1764741214933,1764741215940,1764741233541
enforcer-simple,334,1764741234549,1764741238133,1764741239141,1764741256634
enforcer-simple,335,1764741257643,1764741261230,1764741262237,1764741279781
enforcer-simple,336,1764741280790,1764741284326,1764741285333,1764741302858
enforcer-simple,337,1764741303865,1764741307379,1764741308385,1764741325965
enforcer-simple,338,1764741326972,1764741330543,1764741331551,1764741349091
enforcer-simple,339,1764741350099,1764741353671,1764741354678,1764741372185
enforcer-simple,340,1764741373193,1764741376723,1764741377730,1764741395327
enforcer-simple,341,1764741396335,1764741399865,1764741400873,1764741418426
enforcer-simple,342,1764741419434,1764741422972,1764741423978,1764741441539
enforcer-simple,343,1764741442547,1764741446101,1764741447109,1764741464670
enforcer-simple,344,1764741465678,1764741469290,1764741470297,1764741487802
enforcer-simple,345,1764741488810,1764741492325,1764741493332,1764741510922
enforcer-simple,346,1764741511931,1764741515440,1764741516448,1764741534037
enforcer-simple,347,1764741535046,1764741538627,1764741539635,1764741557169
enforcer-simple,348,1764741558177,1764741561770,1764741562779,1764741580306
enforcer-simple,349,1764741581315,1764741584825,1764741585833,1764741603381
enforcer-simple,350,1764741604389,1764741609931,1764741610939,1764741628529
enforcer-complex,1,1764741911324,1764741919211,1764741920216,1764741927079
enforcer-complex,2,1764741928085,1764741937895,1764741938903,1764741945820
enforcer-complex,3,1764741946826,1764741956588,1764741957595,1764741964518
enforcer-complex,4,1764741965526,1764741975208,1764741976216,1764742010131
enforcer-complex,5,1764742011139,1764742020968,1764742021976,1764742028840
enforcer-complex,6,1764742029847,1764742039529,1764742040537,1764742047425
enforcer-complex,7,1764742048431,1764742058088,1764742059096,1764742066085
enforcer-complex,8,1764742067092,1764742076903,1764742077911,1764742084831
enforcer-complex,9,1764742085838,1764742095593,1764742096601,1764742106603
enforcer-complex,10,1764742107612,1764742115881,1764742116888,1764742123813
enforcer-complex,11,1764742124822,1764742137387,1764742138395,1764742145311
enforcer-complex,12,1764742146318,1764742156068,1764742157075,1764742164228
enforcer-complex,13,1764742165236,1764742175016,1764742176024,1764742183099
enforcer-complex,14,1764742184107,1764742193897,1764742194904,1764742201834
enforcer-complex,15,1764742202841,1764742212585,1764742213593,1764742220445
enforcer-complex,16,1764742221452,1764742231210,1764742232217,1764742239215
enforcer-complex,17,1764742240223,1764742249960,1764742250968,1764742257975
enforcer-complex,18,1764742258983,1764742268712,1764742269718,1764742276661
enforcer-complex,19,1764742277668,1764742287465,1764742288473,1764742295325
enforcer-complex,20,1764742296331,1764742306088,1764742307095,1764742314007
enforcer-complex,21,1764742315014,1764742324712,1764742325719,1764742332654
enforcer-complex,22,1764742333662,1764742343400,1764742344406,1764742351389
enforcer-complex,23,1764742352397,1764742362151,1764742363159,1764742370103
enforcer-complex,24,1764742371112,1764742380904,1764742381910,1764742388839
enforcer-complex,25,1764742389846,1764742399592,1764742400599,1764742407538
enforcer-complex,26,1764742408547,1764742418280,1764742419287,1764742426290
enforcer-complex,27,1764742427298,1764742437032,1764742438040,1764742445058
enforcer-complex,28,1764742446066,1764742455848,1764742456856,1764742463770
enforcer-complex,29,1764742464777,1764742474536,1764742475545,1764742482544
enforcer-complex,30,1764742483552,1764742493352,1764742494360,1764742501266
enforcer-complex,31,1764742502272,1764742511979,1764742512986,1764742519924
enforcer-complex,32,1764742520932,1764742530664,1764742531672,1764742538614
enforcer-complex,33,1764742539622,1764742549352,1764742550360,1764742557302
enforcer-complex,34,1764742558309,1764742568040,1764742569047,1764742575954
enforcer-complex,35,1764742576961,1764742586727,1764742587735,1764742594586
enforcer-complex,36,1764742595593,1764742605352,1764742606359,1764742613239
enforcer-complex,37,1764742614246,1764742623976,1764742624984,1764742631912
enforcer-complex,38,1764742632920,1764742642664,1764742643671,1764742650485
enforcer-complex,39,1764742651492,1764742661224,1764742662232,1764742669157
enforcer-complex,40,1764742670164,1764742679977,1764742680984,1764742687913
enforcer-complex,41,1764742688920,1764742698666,1764742699673,1764742706563
enforcer-complex,42,1764742707570,1764742717288,1764742718295,1764742725304
enforcer-complex,43,1764742726311,1764742736107,1764742737117,1764742744098
enforcer-complex,44,1764742745105,1764742754856,1764742755864,1764742762768
enforcer-complex,45,1764742763775,1764742773545,1764742774554,1764742781448
enforcer-complex,46,1764742782457,1764742792167,1764742793175,1764742800167
enforcer-complex,47,1764742801175,1764742810920,1764742811928,1764742818816
enforcer-complex,48,1764742819824,1764742829670,1764742830678,1764742837675
enforcer-complex,49,1764742838682,1764742848488,1764742849495,1764742856427
enforcer-complex,50,1764742857435,1764742867175,1764742868183,1764742875108
enforcer-complex,51,1764742876116,1764742885927,1764742886935,1764742893777
enforcer-complex,52,1764742894782,1764742904424,1764742905432,1764742912369
enforcer-complex,53,1764742913376,1764742923176,1764742924184,1764742931213
enforcer-complex,54,1764742932220,1764742941926,1764742942933,1764742949796
enforcer-complex,55,1764742950802,1764742960553,1764742961561,1764742968484
enforcer-complex,56,1764742969492,1764742979307,1764742980314,1764742987331
enforcer-complex,57,1764742988340,1764742998120,1764742999128,1764743006007
enforcer-complex,58,1764743007013,1764743016807,1764743017815,1764743024720
enforcer-complex,59,1764743025727,1764743035560,1764743036568,1764743043538
enforcer-complex,60,1764743044545,1764743054376,1764743055384,1764743062316
enforcer-complex,61,1764743063324,1764743073064,1764743074070,1764743081011
enforcer-complex,62,1764743082019,1764743091752,1764743092760,1764743099716
enforcer-complex,63,1764743100724,1764743110504,1764743111512,1764743118510
enforcer-complex,64,1764743119517,1764743129193,1764743130200,1764743137097
enforcer-complex,65,1764743138105,1764743147880,1764743148888,1764743155825
enforcer-complex,66,1764743156833,1764743166632,1764743167640,1764743174580
enforcer-complex,67,1764743175588,1764743185383,1764743186390,1764743193239
enforcer-complex,68,1764743194244,1764743203944,1764743204951,1764743211931
enforcer-complex,69,1764743212938,1764743222632,1764743223639,1764743230525
enforcer-complex,70,1764743231532,1764743241256,1764743242263,1764743249186
enforcer-complex,71,1764743250193,1764743260008,1764743261015,1764743267918
enforcer-complex,72,1764743268926,1764743278696,1764743279705,1764743286634
enforcer-complex,73,1764743287642,1764743297448,1764743298456,1764743305419
enforcer-complex,74,1764743306427,1764743316196,1764743317204,1764743324222
enforcer-complex,75,1764743325229,1764743334952,1764743335960,1764743342858
enforcer-complex,76,1764743343864,1764743353640,1764743354648,1764743361555
enforcer-complex,77,1764743362562,1764743372326,1764743373333,1764743380234
enforcer-complex,78,1764743381242,1764743391016,1764743392023,1764743398948
enforcer-complex,79,1764743399955,1764743409704,1764743410712,1764743417655
enforcer-complex,80,1764743418663,1764743428391,1764743429398,1764743436261
enforcer-complex,81,1764743437270,1764743447015,1764743448023,1764743454971
enforcer-complex,82,1764743455978,1764743465768,1764743466775,1764743473770
enforcer-complex,83,1764743474778,1764743484520,1764743485527,1764743492470
enforcer-complex,84,1764743493475,1764743503145,1764743504155,1764743511058
enforcer-complex,85,1764743512065,1764743521832,1764743522841,1764743529900
enforcer-complex,86,1764743530907,1764743540712,1764743541721,1764743548624
enforcer-complex,87,1764743549631,1764743559398,1764743560405,1764743567312
enforcer-complex,88,1764743568320,1764743578087,1764743579095,1764743586004
enforcer-complex,89,1764743587012,1764743596840,1764743597848,1764743604750
enforcer-complex,90,1764743605758,1764743615528,1764743616535,1764743623457
enforcer-complex,91,1764743624464,1764743634216,1764743635224,1764743642202
enforcer-complex,92,1764743643210,1764743653032,1764743654039,1764743660951
enforcer-complex,93,1764743661959,1764743671783,1764743672791,1764743679697
enforcer-complex,94,1764743680704,1764743690471,1764743691479,1764743698452
enforcer-complex,95,1764743699460,1764743709224,1764743710231,1764743717170
enforcer-complex,96,1764743718178,1764743727976,1764743728984,1764743735920
enforcer-complex,97,1764743736928,1764743746661,1764743747668,1764743754574
enforcer-complex,98,1764743755582,1764743765352,1764743766360,1764743773273
enforcer-complex,99,1764743774280,1764743784040,1764743785047,1764743791987
enforcer-complex,100,1764743792993,1764743802663,1764743803671,1764743810546
enforcer-complex,101,1764743811554,1764743821287,1764743822295,1764743829209
enforcer-complex,102,1764743830217,1764743839977,1764743840984,1764743847892
enforcer-complex,103,1764743848900,1764743858598,1764743859605,1764743866538
enforcer-complex,104,1764743867547,1764743877352,1764743878359,1764743885269
enforcer-complex,105,1764743886276,1764743895976,1764743896984,1764743903983
enforcer-complex,106,1764743904990,1764743914793,1764743915801,1764743922712
enforcer-complex,107,1764743923719,1764743933352,1764743934358,1764743941335
enforcer-complex,108,1764743942342,1764743952040,1764743953047,1764743959977
enforcer-complex,109,1764743960984,1764743970792,1764743971799,1764743978680
enforcer-complex,110,1764743979685,1764743989416,1764743990423,1764743997263
enforcer-complex,111,1764743998269,1764744008103,1764744009111,1764744016048
enforcer-complex,112,1764744017056,1764744026797,1764744027805,1764744034772
enforcer-complex,113,1764744035781,1764744045544,1764744046552,1764744053612
enforcer-complex,114,1764744054620,1764744064423,1764744065430,1764744072416
enforcer-complex,115,1764744073424,1764744083177,1764744084184,1764744091095
enforcer-complex,116,1764744092103,1764744101800,1764744102807,1764744109703
enforcer-complex,117,1764744110710,1764744120424,1764744121432,1764744128380
enforcer-complex,118,1764744129387,1764744139112,1764744140120,1764744147068
enforcer-complex,119,1764744148076,1764744157927,1764744158935,1764744165918
enforcer-complex,120,1764744166926,1764744176679,1764744177688,1764744184632
enforcer-complex,121,1764744185640,1764744195432,1764744196439,1764744203426
enforcer-complex,122,1764744204436,1764744214312,1764744215320,1764744222274
enforcer-complex,123,1764744223281,1764744233065,1764744234073,1764744241073
enforcer-complex,124,1764744242081,1764744251816,1764744252824,1764744259756
enforcer-complex,125,1764744260764,1764744270504,1764744271510,1764744278472
enforcer-complex,126,1764744279480,1764744289256,1764744290263,1764744297200
enforcer-complex,127,1764744298207,1764744308009,1764744309017,1764744315974
enforcer-complex,128,1764744316981,1764744326761,1764744327768,1764744334701
enforcer-complex,129,1764744335712,1764744345449,1764744346456,1764744353366
enforcer-complex,130,1764744354373,1764744364073,1764744365084,1764744372095
enforcer-complex,131,1764744373103,1764744382888,1764744383897,1764744390807
enforcer-complex,132,1764744391815,1764744401576,1764744402583,1764744409527
enforcer-complex,133,1764744410534,1764744420328,1764744421336,1764744428344
enforcer-complex,134,1764744429352,1764744439144,1764744440152,1764744447149
enforcer-complex,135,1764744448156,1764744457960,1764744458968,1764744465876
enforcer-complex,136,1764744466883,1764744476583,1764744477591,1764744484534
enforcer-complex,137,1764744485541,1764744495272,1764744496280,1764744503221
enforcer-complex,138,1764744504229,1764744514025,1764744515032,1764744521998
enforcer-complex,139,1764744523007,1764744532775,1764744533783,1764744540699
enforcer-complex,140,1764744541707,1764744551528,1764744552535,1764744559484
enforcer-complex,141,1764744560492,1764744570281,1764744571288,1764744578191
enforcer-complex,142,1764744579198,1764744588902,1764744589908,1764744596843
enforcer-complex,143,1764744597850,1764744607656,1764744608664,1764744615615
enforcer-complex,144,1764744616623,1764744626344,1764744627352,1764744634223
enforcer-complex,145,1764744635231,1764744644968,1764744645975,1764744652878
enforcer-complex,146,1764744653887,1764744663656,1764744664664,1764744671592
enforcer-complex,147,1764744672600,1764744682408,1764744683415,1764744690347
enforcer-complex,148,1764744691355,1764744701160,1764744702168,1764744709083
enforcer-complex,149,1764744710090,1764744719784,1764744720791,1764744727730
enforcer-complex,150,1764744728738,1764744738472,1764744739479,1764744746373
enforcer-complex,151,1764744747381,1764744757160,1764744758168,1764744765101
enforcer-complex,152,1764744766109,1764744775848,1764744776855,1764744783788
enforcer-complex,153,1764744784795,1764744794600,1764744795608,1764744802518
enforcer-complex,154,1764744803525,1764744813352,1764744814360,1764744821279
enforcer-complex,155,1764744822286,1764744832040,1764744833047,1764744839949
enforcer-complex,156,1764744840956,1764744850728,1764744851736,1764744858630
enforcer-complex,157,1764744859637,1764744869287,1764744870296,1764744877201
enforcer-complex,158,1764744878208,1764744887912,1764744888919,1764744895791
enforcer-complex,159,1764744896797,1764744906536,1764744907543,1764744914495
enforcer-complex,160,1764744915503,1764744925288,1764744926296,1764744933250
enforcer-complex,161,1764744934258,1764744943976,1764744944984,1764744951913
enforcer-complex,162,1764744952921,1764744962727,1764744963735,1764744970639
enforcer-complex,163,1764744971646,1764744981416,1764744982423,1764744989323
enforcer-complex,164,1764744990330,1764745000040,1764745001048,1764745007988
enforcer-complex,165,1764745008995,1764745018727,1764745019733,1764745026650
enforcer-complex,166,1764745027657,1764745037419,1764745038426,1764745045355
enforcer-complex,167,1764745046363,1764745056168,1764745057176,1764745064071
enforcer-complex,168,1764745065079,1764745074856,1764745075864,1764745082808
enforcer-complex,169,1764745083815,1764745093606,1764745094613,1764745101559
enforcer-complex,170,1764745102566,1764745112296,1764745113303,1764745120217
enforcer-complex,171,1764745121225,1764745131048,1764745132055,1764745138951
enforcer-complex,172,1764745139959,1764745149671,1764745150679,1764745157618
enforcer-complex,173,1764745158625,1764745168363,1764745169372,1764745176429
enforcer-complex,174,1764745177437,1764745187305,1764745188314,1764745195274
enforcer-complex,175,1764745196282,1764745206119,1764745207127,1764745214016
enforcer-complex,176,1764745215025,1764745224808,1764745225816,1764745232871
enforcer-complex,177,1764745233879,1764745243624,1764745244631,1764745251570
enforcer-complex,178,1764745252578,1764745262377,1764745263385,1764745270333
enforcer-complex,179,1764745271339,1764745281064,1764745282072,1764745289056
enforcer-complex,180,1764745290063,1764745299816,1764745300823,1764745307794
enforcer-complex,181,1764745308800,1764745318632,1764745319639,1764745326535
enforcer-complex,182,1764745327540,1764745337320,1764745338328,1764745345283
enforcer-complex,183,1764745346290,1764745356072,1764745357079,1764745364013
enforcer-complex,184,1764745365020,1764745374760,1764745375768,1764745382749
enforcer-complex,185,1764745383756,1764745393576,1764745394583,1764745401476
enforcer-complex,186,1764745402484,1764745412266,1764745413275,1764745420281
enforcer-complex,187,1764745421289,1764745431018,1764745432027,1764745439032
enforcer-complex,188,1764745440040,1764745449768,1764745450776,1764745457727
enforcer-complex,189,1764745458735,1764745468520,1764745469530,1764745476452
enforcer-complex,190,1764745477459,1764745487208,1764745488216,1764745495162
enforcer-complex,191,1764745496170,1764745505896,1764745506904,1764745513848
enforcer-complex,192,1764745514855,1764745524648,1764745525656,1764745532551
enforcer-complex,193,1764745533557,1764745543336,1764745544343,1764745551276
enforcer-complex,194,1764745552283,1764745562024,1764745563033,1764745569907
enforcer-complex,195,1764745570914,1764745580646,1764745581651,1764745588511
enforcer-complex,196,1764745589520,1764745599272,1764745600280,1764745607284
enforcer-complex,197,1764745608292,1764745618088,1764745619096,1764745625999
enforcer-complex,198,1764745627008,1764745636711,1764745637718,1764745644661
enforcer-complex,199,1764745645669,1764745655400,1764745656408,1764745663278
enforcer-complex,200,1764745664286,1764745674024,1764745675031,1764745681962
enforcer-complex,201,1764745682969,1764745692713,1764745693720,1764745700719
enforcer-complex,202,1764745701726,1764745711402,1764745712410,1764745719302
enforcer-complex,203,1764745720309,1764745730088,1764745731096,1764745738037
enforcer-complex,204,1764745739045,1764745748840,1764745749847,1764745756742
enforcer-complex,205,1764745757749,1764745767465,1764745768474,1764745775410
enforcer-complex,206,1764745776417,1764745786152,1764745787159,1764745794057
enforcer-complex,207,1764745795064,1764745804840,1764745805847,1764745812757
enforcer-complex,208,1764745813765,1764745823462,1764745824468,1764745831361
enforcer-complex,209,1764745832368,1764745842088,1764745843095,1764745849994
enforcer-complex,210,1764745851000,1764745860712,1764745861720,1764745868651
enforcer-complex,211,1764745869659,1764745879397,1764745880403,1764745887320
enforcer-complex,212,1764745888328,1764745898024,1764745899031,1764745905969
enforcer-complex,213,1764745906977,1764745916712,1764745917720,1764745924780
enforcer-complex,214,1764745925788,1764745935592,1764745936600,1764745943476
enforcer-complex,215,1764745944483,1764745954216,1764745955223,1764745962168
enforcer-complex,216,1764745963176,1764745972968,1764745973976,1764745980872
enforcer-complex,217,1764745981879,1764745991720,1764745992728,1764745999666
enforcer-complex,218,1764746000673,1764746010408,1764746011415,1764746018329
enforcer-complex,219,1764746019336,1764746029159,1764746030167,1764746037188
enforcer-complex,220,1764746038196,1764746047977,1764746048984,1764746055909
enforcer-complex,221,1764746056916,1764746066600,1764746067606,1764746074545
enforcer-complex,222,1764746075553,1764746085288,1764746086295,1764746093249
enforcer-complex,223,1764746094256,1764746104041,1764746105049,1764746111973
enforcer-complex,224,1764746112981,1764746122728,1764746123735,1764746130531
enforcer-complex,225,1764746131537,1764746141288,1764746142295,1764746149229
enforcer-complex,226,1764746150238,1764746160040,1764746161048,1764746168053
enforcer-complex,227,1764746169060,1764746178791,1764746179801,1764746186708
enforcer-complex,228,1764746187715,1764746197353,1764746198361,1764746205285
enforcer-complex,229,1764746206293,1764746215976,1764746216984,1764746223938
enforcer-complex,230,1764746224947,1764746234664,1764746235672,1764746242603
enforcer-complex,231,1764746243610,1764746253285,1764746254291,1764746261224
enforcer-complex,232,1764746262232,1764746272040,1764746273048,1764746279952
enforcer-complex,233,1764746280960,1764746290728,1764746291736,1764746298674
enforcer-complex,234,1764746299682,1764746309416,1764746310424,1764746317360
enforcer-complex,235,1764746318366,1764746328104,1764746329111,1764746336038
enforcer-complex,236,1764746337046,1764746346791,1764746347799,1764746354655
enforcer-complex,237,1764746355662,1764746365416,1764746366423,1764746373351
enforcer-complex,238,1764746374357,1764746384043,1764746385051,1764746392050
enforcer-complex,239,1764746393057,1764746402856,1764746403863,1764746410794
enforcer-complex,240,1764746411801,1764746421544,1764746422552,1764746429397
enforcer-complex,241,1764746430405,1764746440167,1764746441173,1764746448124
enforcer-complex,242,1764746449133,1764746458920,1764746459928,1764746466828
enforcer-complex,243,1764746467835,1764746477608,1764746478615,1764746485552
enforcer-complex,244,1764746486560,1764746496232,1764746497239,1764746504150
enforcer-complex,245,1764746505158,1764746514920,1764746515928,1764746522837
enforcer-complex,246,1764746523848,1764746533608,1764746534615,1764746541526
enforcer-complex,247,1764746542534,1764746552231,1764746553238,1764746560044
enforcer-complex,248,1764746561051,1764746570792,1764746571800,1764746578771
enforcer-complex,249,1764746579778,1764746589544,1764746590551,1764746597505
enforcer-complex,250,1764746598514,1764746608296,1764746609304,1764746616266
enforcer-complex,251,1764746617273,1764746627112,1764746628119,1764746635110
enforcer-complex,252,1764746636118,1764746645928,1764746646936,1764746653903
enforcer-complex,253,1764746654911,1764746664680,1764746665688,1764746672642
enforcer-complex,254,1764746673650,1764746683497,1764746684503,1764746691436
enforcer-complex,255,1764746692444,1764746702184,1764746703191,1764746710093
enforcer-complex,256,1764746711101,1764746720872,1764746721879,1764746728825
enforcer-complex,257,1764746729833,1764746739689,1764746740695,1764746747599
enforcer-complex,258,1764746748607,1764746758375,1764746759383,1764746766266
enforcer-complex,259,1764746767272,1764746777000,1764746778007,1764746784910
enforcer-complex,260,1764746785918,1764746795687,1764746796694,1764746803606
enforcer-complex,261,1764746804613,1764746814440,1764746815448,1764746822445
enforcer-complex,262,1764746823453,1764746833257,1764746834265,1764746841259
enforcer-complex,263,1764746842267,1764746852072,1764746853080,1764746860013
enforcer-complex,264,1764746861021,1764746870759,1764746871767,1764746878710
enforcer-complex,265,1764746879718,1764746889450,1764746890457,1764746897366
enforcer-complex,266,1764746898373,1764746908199,1764746909205,1764746916139
enforcer-complex,267,1764746917146,1764746926888,1764746927894,1764746934854
enforcer-complex,268,1764746935862,1764746945640,1764746946647,1764746953552
enforcer-complex,269,1764746954559,1764746964329,1764746965337,1764746972268
enforcer-complex,270,1764746973275,1764746983016,1764746984022,1764746990911
enforcer-complex,271,1764746991918,1764747001639,1764747002647,1764747009662
enforcer-complex,272,1764747010670,1764747020327,1764747021335,1764747028312
enforcer-complex,273,1764747029319,1764747039145,1764747040153,1764747047136
enforcer-complex,274,1764747048144,1764747057897,1764747058905,1764747065948
enforcer-complex,275,1764747066956,1764747076648,1764747077655,1764747084587
enforcer-complex,276,1764747085594,1764747095273,1764747096280,1764747103121
enforcer-complex,277,1764747104129,1764747113896,1764747114904,1764747121864
enforcer-complex,278,1764747122872,1764747132649,1764747133656,1764747140595
enforcer-complex,279,1764747141602,1764747151400,1764747152408,1764747159363
enforcer-complex,280,1764747160370,1764747170024,1764747171032,1764747177963
enforcer-complex,281,1764747178970,1764747188776,1764747189784,1764747196683
enforcer-complex,282,1764747197691,1764747207465,1764747208473,1764747215480
enforcer-complex,283,1764747216488,1764747226280,1764747227289,1764747234298
enforcer-complex,284,1764747235304,1764747245034,1764747246042,1764747253020
enforcer-complex,285,1764747254027,1764747263784,1764747264791,1764747271685
enforcer-complex,286,1764747272693,1764747282472,1764747283480,1764747290361
enforcer-complex,287,1764747291369,1764747301096,1764747302103,1764747309049
enforcer-complex,288,1764747310057,1764747319848,1764747320856,1764747327798
enforcer-complex,289,1764747328805,1764747338536,1764747339543,1764747346423
enforcer-complex,290,1764747347428,1764747357226,1764747358233,1764747365103
enforcer-complex,291,1764747366112,1764747375848,1764747376856,1764747383852
enforcer-complex,292,1764747384869,1764747394728,1764747395735,1764747402719
enforcer-complex,293,1764747403727,1764747413544,1764747414552,1764747421465
enforcer-complex,294,1764747422472,1764747432298,1764747433307,1764747440302
enforcer-complex,295,1764747441310,1764747451113,1764747452121,1764747459125
enforcer-complex,296,1764747460133,1764747469929,1764747470937,1764747477923
enforcer-complex,297,1764747478930,1764747488684,1764747489692,1764747496779
enforcer-complex,298,1764747497787,1764747507624,1764747508633,1764747515571
enforcer-complex,299,1764747516580,1764747526315,1764747527323,1764747534249
enforcer-complex,300,1764747535257,1764747545000,1764747546023,1764747552977
enforcer-complex,301,1764747553985,1764747563817,1764747564824,1764747571729
enforcer-complex,302,1764747572737,1764747582441,1764747583450,1764747590396
enforcer-complex,303,1764747591406,1764747601190,1764747602195,1764747609193
enforcer-complex,304,1764747610200,1764747620011,1764747621020,1764747628071
enforcer-complex,305,1764747629079,1764747638888,1764747639896,1764747646831
enforcer-complex,306,1764747647839,1764747657640,1764747658647,1764747665542
enforcer-complex,307,1764747666550,1764747676265,1764747677273,1764747684216
enforcer-complex,308,1764747685224,1764747695013,1764747696018,1764747702937
enforcer-complex,309,1764747703944,1764747713709,1764747714718,1764747721690
enforcer-complex,310,1764747722696,1764747732521,1764747733529,1764747740527
enforcer-complex,311,1764747741536,1764747751336,1764747752344,1764747759280
enforcer-complex,312,1764747760285,1764747770024,1764747771032,1764747777925
enforcer-complex,313,1764747778932,1764747788648,1764747789655,1764747796639
enforcer-complex,314,1764747797647,1764747807465,1764747808473,1764747815442
enforcer-complex,315,1764747816450,1764747826216,1764747827224,1764747834188
enforcer-complex,316,1764747835194,1764747845038,1764747846048,1764747853012
enforcer-complex,317,1764747854020,1764747863787,1764747864794,1764747871749
enforcer-complex,318,1764747872756,1764747882537,1764747883544,1764747890487
enforcer-complex,319,1764747891496,1764747901223,1764747902230,1764747909133
enforcer-complex,320,1764747910141,1764747919912,1764747920921,1764747927903
enforcer-complex,321,1764747928912,1764747938728,1764747939736,1764747946690
enforcer-complex,322,1764747947699,1764747957545,1764747958551,1764747965453
enforcer-complex,323,1764747966461,1764747976168,1764747977174,1764747984103
enforcer-complex,324,1764747985111,1764747994789,1764747995796,1764748002811
enforcer-complex,325,1764748003818,1764748013545,1764748014553,1764748021508
enforcer-complex,326,1764748022516,1764748032297,1764748033305,1764748040318
enforcer-complex,327,1764748041327,1764748051113,1764748052120,1764748059091
enforcer-complex,328,1764748060102,1764748069928,1764748070935,1764748077858
enforcer-complex,329,1764748078866,1764748088618,1764748089626,1764748096585
enforcer-complex,330,1764748097593,1764748107368,1764748108376,1764748115448
enforcer-complex,331,1764748116456,1764748126248,1764748127256,1764748134179
enforcer-complex,332,1764748135187,1764748144936,1764748145942,1764748152887
enforcer-complex,333,1764748153895,1764748163689,1764748164697,1764748171614
enforcer-complex,334,1764748172622,1764748182376,1764748183383,1764748190315
enforcer-complex,335,1764748191323,1764748201064,1764748202071,1764748208998
enforcer-complex,336,1764748210005,1764748219816,1764748220823,1764748227753
enforcer-complex,337,1764748228760,1764748238504,1764748239512,1764748246548
enforcer-complex,338,1764748247556,1764748257384,1764748258395,1764748265294
enforcer-complex,339,1764748266301,1764748276009,1764748277018,1764748283991
enforcer-complex,340,1764748285000,1764748294821,1764748295825,1764748302700
enforcer-complex,341,1764748303707,1764748313448,1764748314456,1764748321367
enforcer-complex,342,1764748322374,1764748332008,1764748333016,1764748339998
enforcer-complex,343,1764748341006,1764748350760,1764748351767,1764748358808
enforcer-complex,344,1764748359817,1764748369641,1764748370651,1764748377624
enforcer-complex,345,1764748378631,1764748388455,1764748389462,1764748396473
enforcer-complex,346,1764748397481,1764748407272,1764748408280,1764748415277
enforcer-complex,347,1764748416285,1764748426089,1764748427097,1764748434028
enforcer-complex,348,1764748435035,1764748444776,1764748445785,1764748452701
enforcer-complex,349,1764748453708,1764748463464,1764748464472,1764748471393
enforcer-complex,350,1764748472401,1764748482216,1764748483223,1764748490162
